,Eid,Public_Month,Public_Year
0,2-s2.0-85038429957,12,2017
1,2-s2.0-85052976005,12,2017
2,2-s2.0-85044253500,12,2017
3,2-s2.0-85040114563,12,2017
4,2-s2.0-85032829181,12,2017
5,2-s2.0-85022066491,12,2017
6,2-s2.0-85036668130,11,2017
7,2-s2.0-85053773163,11,2017
8,2-s2.0-85037706907,11,2017
9,2-s2.0-85037705620,11,2017
10,2-s2.0-85037691507,11,2017
11,2-s2.0-85037691271,11,2017
12,2-s2.0-85037688660,11,2017
13,2-s2.0-85037677307,11,2017
14,2-s2.0-85034116329,11,2017
15,2-s2.0-85038430003,11,2017
16,2-s2.0-85035243322,11,2017
17,2-s2.0-85035229201,11,2017
18,2-s2.0-85032919230,11,2017
19,2-s2.0-85032026998,11,2017
20,2-s2.0-85032581552,10,2017
21,2-s2.0-85032342303,10,2017
22,2-s2.0-85031809054,10,2017
23,2-s2.0-85031784906,10,2017
24,2-s2.0-85031711640,10,2017
25,2-s2.0-85029788720,10,2017
26,2-s2.0-85028771275,10,2017
27,2-s2.0-85028541903,10,2017
28,2-s2.0-85028327212,10,2017
29,2-s2.0-85028023806,10,2017
30,2-s2.0-85020920795,10,2017
31,2-s2.0-85020460389,9,2017
32,2-s2.0-85029682396,9,2017
33,2-s2.0-85029575483,9,2017
34,2-s2.0-85028414414,9,2017
35,2-s2.0-85025825788,9,2017
36,2-s2.0-85022207227,9,2017
37,2-s2.0-85020725619,9,2017
38,2-s2.0-85019262818,9,2017
39,2-s2.0-85007300841,8,2017
40,2-s2.0-85038256136,8,2017
41,2-s2.0-85026823266,8,2017
42,2-s2.0-85026472141,8,2017
43,2-s2.0-85021712721,8,2017
44,2-s2.0-85006856684,8,2017
45,2-s2.0-85027155837,7,2017
46,2-s2.0-85021195338,7,2017
47,2-s2.0-85020642085,7,2017
48,2-s2.0-85018305585,7,2017
49,2-s2.0-85017453495,7,2017
50,2-s2.0-85013127716,7,2017
51,2-s2.0-85021788163,6,2017
52,2-s2.0-85017645249,6,2017
53,2-s2.0-85018430636,5,2017
54,2-s2.0-85013130995,5,2017
55,2-s2.0-85008223112,5,2017
56,2-s2.0-85029567404,4,2017
57,2-s2.0-85021728716,4,2017
58,2-s2.0-85019732425,4,2017
59,2-s2.0-85018748093,4,2017
60,2-s2.0-85015803111,4,2017
61,2-s2.0-85013499578,4,2017
62,2-s2.0-85013480811,4,2017
63,2-s2.0-85006054809,4,2017
64,2-s2.0-84982920557,4,2017
65,2-s2.0-85009074440,3,2017
66,2-s2.0-85008431785,3,2017
67,2-s2.0-85059624915,3,2017
68,2-s2.0-85040713584,3,2017
69,2-s2.0-85010955848,3,2017
70,2-s2.0-85010830926,3,2017
71,2-s2.0-85009736233,3,2017
72,2-s2.0-85008194353,3,2017
73,2-s2.0-85001863240,3,2017
74,2-s2.0-84976878514,3,2017
75,2-s2.0-84946593029,3,2017
76,2-s2.0-85016005249,2,2017
77,2-s2.0-85015775357,2,2017
78,2-s2.0-85008415010,2,2017
79,2-s2.0-84995598599,2,2017
80,2-s2.0-84994129911,2,2017
81,2-s2.0-84991071437,2,2017
82,2-s2.0-84990954623,2,2017
83,2-s2.0-84988557100,2,2017
84,2-s2.0-84945433042,2,2017
85,2-s2.0-85050470048,4,2017
86,2-s2.0-85046703749,0,2017
87,2-s2.0-85040997119,4,2017
88,2-s2.0-85039921941,0,2017
89,2-s2.0-85038249401,0,2017
90,2-s2.0-85037049340,0,2017
91,2-s2.0-85034818686,0,2017
92,2-s2.0-85034761711,0,2017
93,2-s2.0-85032448829,1,2017
94,2-s2.0-85032192407,0,2017
95,2-s2.0-85032023550,5,2017
96,2-s2.0-85030840345,0,2017
97,2-s2.0-85027687085,0,2017
98,2-s2.0-85026889629,3,2017
99,2-s2.0-85025176950,0,2017
100,2-s2.0-85019565348,0,2017
101,2-s2.0-85018472936,2,2017
102,2-s2.0-85017489547,1,2017
103,2-s2.0-85015233826,7,2017
104,2-s2.0-85011966199,1,2017
105,2-s2.0-85003944858,1,2017
106,2-s2.0-84999266495,1,2017
107,2-s2.0-84998579336,1,2017
108,2-s2.0-84997770159,1,2017
109,2-s2.0-84995767720,1,2017
110,2-s2.0-84995480411,1,2017
111,2-s2.0-85020732111,11,2017
112,2-s2.0-84961216137,11,2017
113,2-s2.0-85029742136,10,2017
114,2-s2.0-85031118832,7,2017
115,2-s2.0-84929430245,3,2017
116,2-s2.0-85033555515,12,2017
117,2-s2.0-85032489556,12,2017
118,2-s2.0-85032271239,12,2017
119,2-s2.0-85021181600,12,2017
120,2-s2.0-85041048740,12,2017
121,2-s2.0-85032425979,12,2017
122,2-s2.0-85057828701,12,2017
123,2-s2.0-85042529228,12,2017
124,2-s2.0-85034059715,12,2017
125,2-s2.0-85032472545,12,2017
126,2-s2.0-85031321875,12,2017
127,2-s2.0-85030714759,12,2017
128,2-s2.0-85030234645,12,2017
129,2-s2.0-85029673618,12,2017
130,2-s2.0-85029208129,12,2017
131,2-s2.0-85028746772,12,2017
132,2-s2.0-85027152700,12,2017
133,2-s2.0-85026242667,12,2017
134,2-s2.0-85018891443,12,2017
135,2-s2.0-85018866825,12,2017
136,2-s2.0-85037083143,11,2017
137,2-s2.0-85017574096,11,2017
138,2-s2.0-85033452553,11,2017
139,2-s2.0-85035060862,11,2017
140,2-s2.0-85034419484,11,2017
141,2-s2.0-85033781470,11,2017
142,2-s2.0-85032156716,11,2017
143,2-s2.0-85032145922,11,2017
144,2-s2.0-85029833213,11,2017
145,2-s2.0-85027434894,11,2017
146,2-s2.0-85026384092,11,2017
147,2-s2.0-85021454695,11,2017
148,2-s2.0-85020298255,11,2017
149,2-s2.0-85035804538,10,2017
150,2-s2.0-85032884584,10,2017
151,2-s2.0-85030722090,10,2017
152,2-s2.0-85030689809,10,2017
153,2-s2.0-85030679017,10,2017
154,2-s2.0-85029441927,10,2017
155,2-s2.0-85028707203,10,2017
156,2-s2.0-85028009599,10,2017
157,2-s2.0-85026501569,10,2017
158,2-s2.0-85021815353,10,2017
159,2-s2.0-85020250409,10,2017
160,2-s2.0-85020002719,10,2017
161,2-s2.0-85027871412,9,2017
162,2-s2.0-85029674170,9,2017
163,2-s2.0-85029422056,9,2017
164,2-s2.0-85018703824,9,2017
165,2-s2.0-85027502404,9,2017
166,2-s2.0-85026314237,9,2017
167,2-s2.0-85025176685,9,2017
168,2-s2.0-85021932641,9,2017
169,2-s2.0-85019957526,9,2017
170,2-s2.0-85016132113,9,2017
171,2-s2.0-85028546622,8,2017
172,2-s2.0-85028826157,8,2017
173,2-s2.0-85029428544,8,2017
174,2-s2.0-85019391328,8,2017
175,2-s2.0-85014246473,8,2017
176,2-s2.0-85018624812,7,2017
177,2-s2.0-85044572579,7,2017
178,2-s2.0-85022213503,7,2017
179,2-s2.0-85021419886,7,2017
180,2-s2.0-85019366307,7,2017
181,2-s2.0-85015840748,7,2017
182,2-s2.0-85014315476,7,2017
183,2-s2.0-85010739260,7,2017
184,2-s2.0-84976328529,6,2017
185,2-s2.0-85020446982,6,2017
186,2-s2.0-85019026920,6,2017
187,2-s2.0-85017132684,6,2017
188,2-s2.0-85007583353,6,2017
189,2-s2.0-85007420336,6,2017
190,2-s2.0-84979300188,6,2017
191,2-s2.0-84963811404,6,2017
192,2-s2.0-85019738408,5,2017
193,2-s2.0-85014995898,5,2017
194,2-s2.0-85015993999,5,2017
195,2-s2.0-85013930490,5,2017
196,2-s2.0-85010806735,5,2017
197,2-s2.0-85009759061,5,2017
198,2-s2.0-85009270177,5,2017
199,2-s2.0-85006817947,5,2017
200,2-s2.0-85012285151,4,2017
201,2-s2.0-85017292153,4,2017
202,2-s2.0-85015691907,4,2017
203,2-s2.0-85014931392,4,2017
204,2-s2.0-85006952323,4,2017
205,2-s2.0-85006802852,4,2017
206,2-s2.0-85016402277,3,2017
207,2-s2.0-85014930015,3,2017
208,2-s2.0-85013892035,2,2017
209,2-s2.0-85011536644,2,2017
210,2-s2.0-85054800259,2,2017
211,2-s2.0-85012930290,2,2017
212,2-s2.0-85011382723,2,2017
213,2-s2.0-85006381853,2,2017
214,2-s2.0-85006324295,2,2017
215,2-s2.0-84997416778,2,2017
216,2-s2.0-84995938576,2,2017
217,2-s2.0-84994476843,2,2017
218,2-s2.0-84994442827,2,2017
219,2-s2.0-84994226123,2,2017
220,2-s2.0-84984683766,2,2017
221,2-s2.0-84983740530,1,2017
222,2-s2.0-85040003809,1,2017
223,2-s2.0-85038633668,1,2017
224,2-s2.0-85032934701,12,2017
225,2-s2.0-85031318909,0,2017
226,2-s2.0-85029800415,10,2017
227,2-s2.0-85028300656,0,2017
228,2-s2.0-85026778125,0,2017
229,2-s2.0-85020477185,0,2017
230,2-s2.0-85018693492,0,2017
231,2-s2.0-85018475053,1,2017
232,2-s2.0-85018424222,0,2017
233,2-s2.0-85017126360,0,2017
234,2-s2.0-85015776493,0,2017
235,2-s2.0-85014310276,11,2017
236,2-s2.0-85013644927,2,2017
237,2-s2.0-85010748367,1,2017
238,2-s2.0-85010727500,1,2017
239,2-s2.0-85009731586,1,2017
240,2-s2.0-85006823610,1,2017
241,2-s2.0-84983462817,1,2017
242,2-s2.0-84979256587,1,2017
243,2-s2.0-85028055860,11,2017
244,2-s2.0-85042352286,9,2017
245,2-s2.0-85038252750,9,2017
246,2-s2.0-85019480651,7,2017
247,2-s2.0-85036589103,7,2017
248,2-s2.0-85014848973,4,2017
249,2-s2.0-85014813255,4,2017
250,2-s2.0-84959461157,2,2017
251,2-s2.0-84994716119,1,2017
252,2-s2.0-84978782684,1,2017
253,2-s2.0-85039917099,0,2017
254,2-s2.0-85038963235,3,2017
255,2-s2.0-85019002592,0,2017
256,2-s2.0-85028376438,12,2017
257,2-s2.0-85037035609,12,2017
258,2-s2.0-85035045789,12,2017
259,2-s2.0-85033681749,12,2017
260,2-s2.0-85033572607,12,2017
261,2-s2.0-85026659396,12,2017
262,2-s2.0-85019629867,12,2017
263,2-s2.0-85034062829,11,2017
264,2-s2.0-85033553291,11,2017
265,2-s2.0-85031327856,11,2017
266,2-s2.0-85032635825,10,2017
267,2-s2.0-85020689011,10,2017
268,2-s2.0-85015830542,10,2017
269,2-s2.0-85014078485,10,2017
270,2-s2.0-85042116274,10,2017
271,2-s2.0-85032260463,10,2017
272,2-s2.0-85031294654,10,2017
273,2-s2.0-85028545878,10,2017
274,2-s2.0-85030112873,9,2017
275,2-s2.0-85022055488,9,2017
276,2-s2.0-85021452303,9,2017
277,2-s2.0-85018529316,9,2017
278,2-s2.0-84989221967,9,2017
279,2-s2.0-85027358250,8,2017
280,2-s2.0-85027833617,8,2017
281,2-s2.0-85027708650,8,2017
282,2-s2.0-85020875298,8,2017
283,2-s2.0-85028931785,7,2017
284,2-s2.0-85026672458,7,2017
285,2-s2.0-85018318868,7,2017
286,2-s2.0-85017569167,7,2017
287,2-s2.0-85021281194,6,2017
288,2-s2.0-85013626257,6,2017
289,2-s2.0-85019895293,5,2017
290,2-s2.0-85014116371,4,2017
291,2-s2.0-85008173317,3,2017
292,2-s2.0-85006482275,3,2017
293,2-s2.0-85000502400,3,2017
294,2-s2.0-85005992142,2,2017
295,2-s2.0-85002549355,2,2017
296,2-s2.0-85000359968,2,2017
297,2-s2.0-85039713078,2,2017
298,2-s2.0-85031937488,2,2017
299,2-s2.0-84996619356,2,2017
300,2-s2.0-84998679720,1,2017
301,2-s2.0-84992146624,1,2017
302,2-s2.0-85009999737,1,2017
303,2-s2.0-84988728305,1,2017
304,2-s2.0-85073551609,0,2017
305,2-s2.0-85073497004,2,2017
306,2-s2.0-85034636939,0,2017
307,2-s2.0-85034581318,11,2017
308,2-s2.0-85033229177,0,2017
309,2-s2.0-85032972173,0,2017
310,2-s2.0-85029755175,9,2017
311,2-s2.0-85029609842,0,2017
312,2-s2.0-85028639850,9,2017
313,2-s2.0-85028244351,0,2017
314,2-s2.0-85027948963,0,2017
315,2-s2.0-85026354006,0,2017
316,2-s2.0-85022344922,0,2017
317,2-s2.0-85021989093,0,2017
318,2-s2.0-85021693165,0,2017
319,2-s2.0-85021658559,0,2017
320,2-s2.0-85020252669,0,2017
321,2-s2.0-85019867411,0,2017
322,2-s2.0-85019172222,0,2017
323,2-s2.0-85018502005,0,2017
324,2-s2.0-85016795827,0,2017
325,2-s2.0-85016473894,30,2017
326,2-s2.0-85015852305,8,2017
327,2-s2.0-85014863057,0,2017
328,2-s2.0-85014145052,0,2017
329,2-s2.0-85011693174,2,2017
330,2-s2.0-85011406176,0,2017
331,2-s2.0-85010029581,2,2017
332,2-s2.0-85009851928,0,2017
333,2-s2.0-85007573014,0,2017
334,2-s2.0-85007299040,1,2017
335,2-s2.0-85007143697,0,2017
336,2-s2.0-85006507557,1,2017
337,2-s2.0-85038434704,12,2017
338,2-s2.0-85031791462,12,2017
339,2-s2.0-85031103516,12,2017
340,2-s2.0-85029008946,12,2017
341,2-s2.0-85025595727,12,2017
342,2-s2.0-84953775863,12,2017
343,2-s2.0-85036544496,11,2017
344,2-s2.0-85029581975,11,2017
345,2-s2.0-85025460682,11,2017
346,2-s2.0-85033791814,11,2017
347,2-s2.0-85030756076,11,2017
348,2-s2.0-85037350381,11,2017
349,2-s2.0-85034066338,11,2017
350,2-s2.0-85030154266,11,2017
351,2-s2.0-85021165709,11,2017
352,2-s2.0-85016748432,11,2017
353,2-s2.0-85010189136,11,2017
354,2-s2.0-85030708852,10,2017
355,2-s2.0-85020300667,10,2017
356,2-s2.0-85022178592,9,2017
357,2-s2.0-85019599303,9,2017
358,2-s2.0-85029381575,9,2017
359,2-s2.0-85026795255,9,2017
360,2-s2.0-85025096571,9,2017
361,2-s2.0-85018441483,8,2017
362,2-s2.0-85026865580,8,2017
363,2-s2.0-85019260706,8,2017
364,2-s2.0-85025686173,7,2017
365,2-s2.0-85025448738,7,2017
366,2-s2.0-85019878941,7,2017
367,2-s2.0-85020079230,7,2017
368,2-s2.0-85019662687,7,2017
369,2-s2.0-85016508942,7,2017
370,2-s2.0-85015079231,7,2017
371,2-s2.0-85011968954,6,2017
372,2-s2.0-85009945358,6,2017
373,2-s2.0-85020640329,6,2017
374,2-s2.0-85020552980,5,2017
375,2-s2.0-85020652243,5,2017
376,2-s2.0-85008319824,5,2017
377,2-s2.0-85013287776,5,2017
378,2-s2.0-85017663859,4,2017
379,2-s2.0-85019699633,4,2017
380,2-s2.0-85014343235,4,2017
381,2-s2.0-85011874591,4,2017
382,2-s2.0-85009181368,4,2017
383,2-s2.0-84982987616,4,2017
384,2-s2.0-85009820845,3,2017
385,2-s2.0-84994417728,3,2017
386,2-s2.0-84994311417,3,2017
387,2-s2.0-84986274537,3,2017
388,2-s2.0-85014074101,2,2017
389,2-s2.0-84992646535,2,2017
390,2-s2.0-84992435633,2,2017
391,2-s2.0-84992395867,2,2017
392,2-s2.0-84979790113,2,2017
393,2-s2.0-85000450726,1,2017
394,2-s2.0-85034217773,0,2017
395,2-s2.0-85032723050,0,2017
396,2-s2.0-85029188368,0,2017
397,2-s2.0-85028745916,0,2017
398,2-s2.0-85021053936,0,2017
399,2-s2.0-85020644237,4,2017
400,2-s2.0-85019729551,0,2017
401,2-s2.0-85015441925,0,2017
402,2-s2.0-85014566149,3,2017
403,2-s2.0-85010376008,3,2017
404,2-s2.0-85029569713,12,2017
405,2-s2.0-85026820399,11,2017
406,2-s2.0-85011876423,11,2017
407,2-s2.0-84955270045,8,2017
408,2-s2.0-85029860144,7,2017
409,2-s2.0-85019546029,5,2017
410,2-s2.0-85024109215,4,2017
411,2-s2.0-85024090206,4,2017
412,2-s2.0-84970990065,3,2017
413,2-s2.0-85050004531,1,2017
414,2-s2.0-85049994173,1,2017
415,2-s2.0-85032906454,0,2017
416,2-s2.0-85028602519,3,2017
417,2-s2.0-84905892595,1,2017
418,2-s2.0-85020389443,7,2017
419,2-s2.0-84940704057,2,2017
420,2-s2.0-85015838467,12,2017
421,2-s2.0-85027402434,11,2017
422,2-s2.0-85030613732,9,2017
423,2-s2.0-85026872001,9,2017
424,2-s2.0-85039839552,7,2017
425,2-s2.0-85019571966,6,2017
426,2-s2.0-84995527068,6,2017
427,2-s2.0-85018407395,5,2017
428,2-s2.0-85016009856,5,2017
429,2-s2.0-85003845809,4,2017
430,2-s2.0-85018532169,3,2017
431,2-s2.0-84969900695,3,2017
432,2-s2.0-85037533326,6,2017
433,2-s2.0-85034577755,6,2017
434,2-s2.0-85021819290,2,2017
435,2-s2.0-84929649705,1,2017
436,2-s2.0-85039709530,12,2017
437,2-s2.0-85036619587,12,2017
438,2-s2.0-85033564863,12,2017
439,2-s2.0-85020398553,12,2017
440,2-s2.0-85032856887,10,2017
441,2-s2.0-85026253910,9,2017
442,2-s2.0-85018724519,9,2017
443,2-s2.0-85029485245,9,2017
444,2-s2.0-85028024928,8,2017
445,2-s2.0-85023747288,7,2017
446,2-s2.0-85015791870,6,2017
447,2-s2.0-85008144312,6,2017
448,2-s2.0-84966681631,6,2017
449,2-s2.0-85014296413,4,2017
450,2-s2.0-85013228290,4,2017
451,2-s2.0-84977672428,3,2017
452,2-s2.0-85015187333,3,2017
453,2-s2.0-85012300554,3,2017
454,2-s2.0-85012240026,3,2017
455,2-s2.0-84979544817,3,2017
456,2-s2.0-85006293761,2,2017
457,2-s2.0-85055775227,0,2017
458,2-s2.0-85020552496,6,2017
459,2-s2.0-85020099926,6,2017
460,2-s2.0-85016041973,1,2017
461,2-s2.0-85027694743,12,2017
462,2-s2.0-85030672945,10,2017
463,2-s2.0-85015077340,10,2017
464,2-s2.0-85016390274,4,2017
465,2-s2.0-85079872439,0,2017
466,2-s2.0-85040704260,12,2017
467,2-s2.0-85034116791,11,2017
468,2-s2.0-85034045943,11,2017
469,2-s2.0-85028915029,11,2017
470,2-s2.0-85029814049,10,2017
471,2-s2.0-85021179674,7,2017
472,2-s2.0-85006699764,1,2017
473,2-s2.0-85009412369,1,2017
474,2-s2.0-85047752971,1,2017
475,2-s2.0-85042517867,0,2017
476,2-s2.0-85026490096,0,2017
477,2-s2.0-85021425109,0,2017
478,2-s2.0-85021417300,0,2017
479,2-s2.0-85017658777,0,2017
480,2-s2.0-85017410159,0,2017
481,2-s2.0-85015417452,0,2017
482,2-s2.0-85009100547,0,2017
483,2-s2.0-85007005033,0,2017
484,2-s2.0-85042128472,12,2017
485,2-s2.0-85032809262,12,2017
486,2-s2.0-85015744326,1,2017
487,2-s2.0-85034749575,11,2017
488,2-s2.0-85032710237,11,2017
489,2-s2.0-85026308072,10,2017
490,2-s2.0-85021653819,10,2017
491,2-s2.0-85034654488,9,2017
492,2-s2.0-84991508508,7,2017
493,2-s2.0-85118788235,7,2017
494,2-s2.0-85034973772,7,2017
495,2-s2.0-85024494583,7,2017
496,2-s2.0-85024481152,7,2017
497,2-s2.0-85015422761,7,2017
498,2-s2.0-85029042071,6,2017
499,2-s2.0-85020456674,6,2017
500,2-s2.0-85017138354,6,2017
501,2-s2.0-85006355741,6,2017
502,2-s2.0-84984706715,5,2017
503,2-s2.0-85013162277,5,2017
504,2-s2.0-85014564504,4,2017
505,2-s2.0-85020268513,4,2017
506,2-s2.0-85014114721,4,2017
507,2-s2.0-85013480638,4,2017
508,2-s2.0-85007331123,4,2017
509,2-s2.0-85008485158,3,2017
510,2-s2.0-85008198166,2,2017
511,2-s2.0-85006511817,2,2017
512,2-s2.0-85003967137,2,2017
513,2-s2.0-85119605695,2,2017
514,2-s2.0-85027580908,4,2017
515,2-s2.0-85020005278,0,2017
516,2-s2.0-85017422928,0,2017
517,2-s2.0-85017341285,0,2017
518,2-s2.0-85016964318,0,2017
519,2-s2.0-85010288631,1,2017
520,2-s2.0-85009999882,0,2017
521,2-s2.0-85008336814,1,2017
522,2-s2.0-85006355054,1,2017
523,2-s2.0-84993995288,1,2017
524,2-s2.0-85029781991,12,2017
525,2-s2.0-85039924338,12,2017
526,2-s2.0-85039922521,12,2017
527,2-s2.0-85039920890,12,2017
528,2-s2.0-85039920812,12,2017
529,2-s2.0-85039917530,12,2017
530,2-s2.0-85039914805,12,2017
531,2-s2.0-85039914338,12,2017
532,2-s2.0-85039898441,12,2017
533,2-s2.0-85039897067,12,2017
534,2-s2.0-85037361850,12,2017
535,2-s2.0-85034767138,12,2017
536,2-s2.0-85034734832,12,2017
537,2-s2.0-85030563516,12,2017
538,2-s2.0-85027170300,12,2017
539,2-s2.0-85026784306,11,2017
540,2-s2.0-85036627346,11,2017
541,2-s2.0-85035069657,11,2017
542,2-s2.0-85033804422,11,2017
543,2-s2.0-85032732535,11,2017
544,2-s2.0-85028729325,11,2017
545,2-s2.0-85026907424,11,2017
546,2-s2.0-85033596884,10,2017
547,2-s2.0-85032623783,10,2017
548,2-s2.0-85059788538,10,2017
549,2-s2.0-85032667090,10,2017
550,2-s2.0-85032307884,10,2017
551,2-s2.0-85029426150,10,2017
552,2-s2.0-85032030819,9,2017
553,2-s2.0-85032027891,9,2017
554,2-s2.0-85032024483,9,2017
555,2-s2.0-85032001883,9,2017
556,2-s2.0-85020015122,9,2017
557,2-s2.0-85019633914,9,2017
558,2-s2.0-85028680296,9,2017
559,2-s2.0-85027978063,9,2017
560,2-s2.0-85022025724,9,2017
561,2-s2.0-85020837953,0,0
562,2-s2.0-85027731124,7,2017
563,2-s2.0-85027714760,7,2017
564,2-s2.0-85027700843,7,2017
565,2-s2.0-85027675715,7,2017
566,2-s2.0-85017359274,7,2017
567,2-s2.0-85030122617,7,2017
568,2-s2.0-85024387884,7,2017
569,2-s2.0-85021930052,7,2017
570,2-s2.0-85022088118,6,2017
571,2-s2.0-85022058289,6,2017
572,2-s2.0-85022048334,6,2017
573,2-s2.0-85022027018,6,2017
574,2-s2.0-85015146182,6,2017
575,2-s2.0-85021976876,6,2017
576,2-s2.0-85021831398,6,2017
577,2-s2.0-85020284765,6,2017
578,2-s2.0-85020252818,6,2017
579,2-s2.0-85014003896,6,2017
580,2-s2.0-85019988422,5,2017
581,2-s2.0-85019842312,5,2017
582,2-s2.0-85019142346,5,2017
583,2-s2.0-85014911672,4,2017
584,2-s2.0-85018514376,4,2017
585,2-s2.0-85018259117,4,2017
586,2-s2.0-85017527143,4,2017
587,2-s2.0-85013884945,4,2017
588,2-s2.0-84995679027,4,2017
589,2-s2.0-85022346611,0,0
590,2-s2.0-85022331564,3,2017
591,2-s2.0-85022329248,3,2017
592,2-s2.0-85022053995,3,2017
593,2-s2.0-85035773536,3,2017
594,2-s2.0-85016087590,3,2017
595,2-s2.0-85013989379,2,2017
596,2-s2.0-85013928870,2,2017
597,2-s2.0-85013176235,1,2017
598,2-s2.0-85013173967,1,2017
599,2-s2.0-85013157945,1,2017
600,2-s2.0-85013146773,1,2017
601,2-s2.0-85003035997,0,0
602,2-s2.0-85015842856,1,2017
603,2-s2.0-85040835706,0,2017
604,2-s2.0-85040095595,0,2017
605,2-s2.0-85026905570,0,2017
606,2-s2.0-85019180534,1,2017
607,2-s2.0-85017619118,0,2017
608,2-s2.0-85017598026,0,2017
609,2-s2.0-85016399497,4,2017
610,2-s2.0-85015680272,0,2017
611,2-s2.0-85009812150,1,2017
612,2-s2.0-85009074636,0,2017
613,2-s2.0-85007420679,1,2017
614,2-s2.0-85001044609,1,2017
615,2-s2.0-84997514424,1,2017
616,2-s2.0-85040064175,12,2017
617,2-s2.0-85028923880,7,2017
618,2-s2.0-85017431873,4,2017
619,2-s2.0-85029859694,0,2017
620,2-s2.0-85040722165,12,2017
621,2-s2.0-85029227305,11,2017
622,2-s2.0-85021820101,10,2017
623,2-s2.0-85021748422,10,2017
624,2-s2.0-85028313731,8,2017
625,2-s2.0-85021825435,8,2017
626,2-s2.0-85021760726,7,2017
627,2-s2.0-85015978471,7,2017
628,2-s2.0-85014572588,7,2017
629,2-s2.0-85040001154,6,2017
630,2-s2.0-85026465885,6,2017
631,2-s2.0-85018730573,6,2017
632,2-s2.0-85016488321,6,2017
633,2-s2.0-84995906304,5,2017
634,2-s2.0-85019117026,4,2017
635,2-s2.0-85014065434,4,2017
636,2-s2.0-85016336322,3,2017
637,2-s2.0-85006415465,3,2017
638,2-s2.0-85007560439,2,2017
639,2-s2.0-85006368814,2,2017
640,2-s2.0-84991086985,2,2017
641,2-s2.0-85006992960,1,2017
642,2-s2.0-85045530106,4,2017
643,2-s2.0-85045511213,4,2017
644,2-s2.0-85013832640,1,2017
645,2-s2.0-85005976194,1,2017
646,2-s2.0-84995751226,1,2017
647,2-s2.0-84989211433,1,2017
648,2-s2.0-85041233134,11,2017
649,2-s2.0-85034055251,10,2017
650,2-s2.0-85030645838,10,2017
651,2-s2.0-85018326852,4,2017
652,2-s2.0-85003591348,1,2017
653,2-s2.0-85028559492,12,2017
654,2-s2.0-85041353839,12,2017
655,2-s2.0-85040225133,12,2017
656,2-s2.0-85038931435,12,2017
657,2-s2.0-85037616835,12,2017
658,2-s2.0-85037069104,12,2017
659,2-s2.0-85034848016,12,2017
660,2-s2.0-85030473409,12,2017
661,2-s2.0-85029765631,12,2017
662,2-s2.0-85013677371,12,2017
663,2-s2.0-85036559805,11,2017
664,2-s2.0-85035140116,11,2017
665,2-s2.0-85034067324,11,2017
666,2-s2.0-85032803453,11,2017
667,2-s2.0-85032299670,11,2017
668,2-s2.0-85022210143,11,2017
669,2-s2.0-85019390260,11,2017
670,2-s2.0-85016639169,11,2017
671,2-s2.0-85030660970,10,2017
672,2-s2.0-85044844462,10,2017
673,2-s2.0-85039728898,10,2017
674,2-s2.0-85032703898,10,2017
675,2-s2.0-85031289564,10,2017
676,2-s2.0-85031097472,10,2017
677,2-s2.0-85029763732,10,2017
678,2-s2.0-85029671561,10,2017
679,2-s2.0-85021836909,10,2017
680,2-s2.0-85013845539,10,2017
681,2-s2.0-85110702830,9,2017
682,2-s2.0-85033228470,9,2017
683,2-s2.0-85029009744,9,2017
684,2-s2.0-85028425677,9,2017
685,2-s2.0-85027254683,9,2017
686,2-s2.0-85026293121,9,2017
687,2-s2.0-85021255614,9,2017
688,2-s2.0-85019605476,9,2017
689,2-s2.0-85018872664,9,2017
690,2-s2.0-85018764260,9,2017
691,2-s2.0-84994474511,9,2017
692,2-s2.0-85057524521,8,2017
693,2-s2.0-85027685036,8,2017
694,2-s2.0-85026644668,8,2017
695,2-s2.0-85025091529,8,2017
696,2-s2.0-85021142245,8,2017
697,2-s2.0-85017289608,8,2017
698,2-s2.0-85016108967,8,2017
699,2-s2.0-85010303484,8,2017
700,2-s2.0-85041341419,7,2017
701,2-s2.0-85027855818,7,2017
702,2-s2.0-85021846732,7,2017
703,2-s2.0-85021817350,7,2017
704,2-s2.0-85020298286,7,2017
705,2-s2.0-85017130154,7,2017
706,2-s2.0-85015369550,7,2017
707,2-s2.0-85013031091,7,2017
708,2-s2.0-85021666533,6,2017
709,2-s2.0-85030684851,6,2017
710,2-s2.0-85020705080,6,2017
711,2-s2.0-85020246655,6,2017
712,2-s2.0-84995451816,6,2017
713,2-s2.0-84988911824,6,2017
714,2-s2.0-85019907104,5,2017
715,2-s2.0-85019155913,5,2017
716,2-s2.0-85050039063,5,2017
717,2-s2.0-85017002844,5,2017
718,2-s2.0-85012979653,5,2017
719,2-s2.0-85011305866,5,2017
720,2-s2.0-85010197129,5,2017
721,2-s2.0-85018358314,4,2017
722,2-s2.0-85018508063,4,2017
723,2-s2.0-84991442352,4,2017
724,2-s2.0-85030848700,4,2017
725,2-s2.0-85019270813,4,2017
726,2-s2.0-85019263195,4,2017
727,2-s2.0-85019220804,4,2017
728,2-s2.0-85019199111,4,2017
729,2-s2.0-85018311334,4,2017
730,2-s2.0-85017140702,4,2017
731,2-s2.0-85016417054,4,2017
732,2-s2.0-85013427895,4,2017
733,2-s2.0-85010886983,4,2017
734,2-s2.0-84980642001,4,2017
735,2-s2.0-85009814697,3,2017
736,2-s2.0-85023196501,3,2017
737,2-s2.0-85015214116,3,2017
738,2-s2.0-85015211976,3,2017
739,2-s2.0-85011066657,3,2017
740,2-s2.0-85010297635,3,2017
741,2-s2.0-84992143327,3,2017
742,2-s2.0-85014421025,2,2017
743,2-s2.0-85013399115,2,2017
744,2-s2.0-85008692987,2,2017
745,2-s2.0-85055135693,2,2017
746,2-s2.0-85020619016,2,2017
747,2-s2.0-85012930132,2,2017
748,2-s2.0-85006054784,2,2017
749,2-s2.0-84973577783,2,2017
750,2-s2.0-85009511178,1,2017
751,2-s2.0-85010297712,1,2017
752,2-s2.0-85008711948,1,2017
753,2-s2.0-85008226749,1,2017
754,2-s2.0-84983527168,1,2017
755,2-s2.0-85074993734,10,2017
756,2-s2.0-85074982759,10,2017
757,2-s2.0-85046763884,4,2017
758,2-s2.0-85037044596,6,2017
759,2-s2.0-85035090657,6,2017
760,2-s2.0-85034849379,12,2017
761,2-s2.0-85033723072,5,2017
762,2-s2.0-85033467716,0,2017
763,2-s2.0-85032809228,1,2017
764,2-s2.0-85032591455,10,2017
765,2-s2.0-85030782432,4,2017
766,2-s2.0-85029595565,2,2017
767,2-s2.0-85029590884,2,2017
768,2-s2.0-85029319530,9,2017
769,2-s2.0-85029168258,0,2017
770,2-s2.0-85028304451,0,2017
771,2-s2.0-85028087864,0,2017
772,2-s2.0-85026726516,0,2017
773,2-s2.0-85026667170,0,2017
774,2-s2.0-85026648848,0,2017
775,2-s2.0-85021801046,6,2017
776,2-s2.0-85019820391,8,2017
777,2-s2.0-85018718658,1,2017
778,2-s2.0-85018716589,1,2017
779,2-s2.0-85015367750,1,2017
780,2-s2.0-85015227221,2,2017
781,2-s2.0-85010637634,1,2017
782,2-s2.0-85009829585,1,2017
783,2-s2.0-85008929547,1,2017
784,2-s2.0-85008709498,1,2017
785,2-s2.0-84991396698,1,2017
786,2-s2.0-85047073019,12,2017
787,2-s2.0-85026921817,9,2017
788,2-s2.0-85026915368,9,2017
789,2-s2.0-85030673178,9,2017
790,2-s2.0-85019993847,8,2017
791,2-s2.0-85026326718,8,2017
792,2-s2.0-85017371447,7,2017
793,2-s2.0-85017539149,4,2017
794,2-s2.0-85008658156,4,2017
795,2-s2.0-85006511570,4,2017
796,2-s2.0-85005822696,4,2017
797,2-s2.0-85016573490,3,2017
798,2-s2.0-85013167923,3,2017
799,2-s2.0-85011681631,2,2017
800,2-s2.0-85007495617,2,2017
801,2-s2.0-85008604264,1,2017
802,2-s2.0-84988419028,1,2017
803,2-s2.0-85042769895,0,2017
804,2-s2.0-85012305736,1,2017
805,2-s2.0-85010670076,0,2017
806,2-s2.0-84995600730,1,2017
807,2-s2.0-85019771197,12,2017
808,2-s2.0-85029010519,11,2017
809,2-s2.0-84988683853,10,2017
810,2-s2.0-84975229544,8,2017
811,2-s2.0-85027281959,5,2017
812,2-s2.0-85027264257,5,2017
813,2-s2.0-85027261029,5,2017
814,2-s2.0-85008668686,5,2017
815,2-s2.0-84962013260,5,2017
816,2-s2.0-84957545994,3,2017
817,2-s2.0-85031099758,3,2017
818,2-s2.0-85031501650,12,2017
819,2-s2.0-85027678772,8,2017
820,2-s2.0-85029472472,11,2017
821,2-s2.0-85025104960,10,2017
822,2-s2.0-85019743395,8,2017
823,2-s2.0-85021167536,8,2017
824,2-s2.0-85032992133,4,2017
825,2-s2.0-85009936490,4,2017
826,2-s2.0-85043328546,4,2017
827,2-s2.0-85043310056,4,2017
828,2-s2.0-85030781048,10,2017
829,2-s2.0-85029396895,5,2017
830,2-s2.0-85022068422,2,2017
831,2-s2.0-85021956633,2,2017
832,2-s2.0-85016492874,1,2017
833,2-s2.0-85016482902,1,2017
834,2-s2.0-85002596995,0,2017
835,2-s2.0-85040170019,12,2017
836,2-s2.0-85038597618,12,2017
837,2-s2.0-85034821679,12,2017
838,2-s2.0-85034449894,12,2017
839,2-s2.0-85038612821,12,2017
840,2-s2.0-85049393881,12,2017
841,2-s2.0-85042125746,12,2017
842,2-s2.0-85038591932,12,2017
843,2-s2.0-85037815234,12,2017
844,2-s2.0-85042318316,11,2017
845,2-s2.0-85038864869,11,2017
846,2-s2.0-85035068574,11,2017
847,2-s2.0-85033705897,11,2017
848,2-s2.0-85035214868,11,2017
849,2-s2.0-85035205361,11,2017
850,2-s2.0-85034867523,11,2017
851,2-s2.0-85033779663,11,2017
852,2-s2.0-85033581064,10,2017
853,2-s2.0-85033609464,10,2017
854,2-s2.0-85031705552,10,2017
855,2-s2.0-85031694118,10,2017
856,2-s2.0-85031026045,10,2017
857,2-s2.0-85040784927,10,2017
858,2-s2.0-85034450095,10,2017
859,2-s2.0-85031118869,10,2017
860,2-s2.0-85031749812,9,2017
861,2-s2.0-85030156494,9,2017
862,2-s2.0-85032437594,9,2017
863,2-s2.0-85029863039,9,2017
864,2-s2.0-85026732767,9,2017
865,2-s2.0-85020929582,9,2017
866,2-s2.0-85031118040,9,2017
867,2-s2.0-85029760921,9,2017
868,2-s2.0-85029692133,9,2017
869,2-s2.0-85029606666,9,2017
870,2-s2.0-85029358039,8,2017
871,2-s2.0-85029094884,8,2017
872,2-s2.0-85033226225,8,2017
873,2-s2.0-85048292309,8,2017
874,2-s2.0-85047806052,8,2017
875,2-s2.0-85028345368,8,2017
876,2-s2.0-85027407411,7,2017
877,2-s2.0-85026299485,7,2017
878,2-s2.0-85042673869,7,2017
879,2-s2.0-85019204051,7,2017
880,2-s2.0-85018934020,7,2017
881,2-s2.0-85027228739,7,2017
882,2-s2.0-85022008132,7,2017
883,2-s2.0-85021908629,7,2017
884,2-s2.0-85021882626,7,2017
885,2-s2.0-85017798668,6,2017
886,2-s2.0-85021405061,6,2017
887,2-s2.0-85014119789,5,2017
888,2-s2.0-85014088197,5,2017
889,2-s2.0-85014010459,5,2017
890,2-s2.0-85020058027,5,2017
891,2-s2.0-85019012671,5,2017
892,2-s2.0-85018859844,5,2017
893,2-s2.0-85018160768,4,2017
894,2-s2.0-85013378489,4,2017
895,2-s2.0-85011688958,4,2017
896,2-s2.0-85031806028,4,2017
897,2-s2.0-85018292211,4,2017
898,2-s2.0-85017212516,4,2017
899,2-s2.0-85016158851,3,2017
900,2-s2.0-85021639760,3,2017
901,2-s2.0-85010375391,0,0
902,2-s2.0-85019852259,3,2017
903,2-s2.0-85017037401,3,2017
904,2-s2.0-85017031249,3,2017
905,2-s2.0-85016311144,3,2017
906,2-s2.0-85015831524,3,2017
907,2-s2.0-85015743748,3,2017
908,2-s2.0-85014990571,3,2017
909,2-s2.0-85007251845,2,2017
910,2-s2.0-85014673795,0,0
911,2-s2.0-85013937924,2,2017
912,2-s2.0-85013487535,2,2017
913,2-s2.0-85012863306,2,2017
914,2-s2.0-85012230357,2,2017
915,2-s2.0-85019019772,1,2017
916,2-s2.0-85021429910,1,2017
917,2-s2.0-85010878240,1,2017
918,2-s2.0-84996607137,1,2017
919,2-s2.0-85019942987,1,2017
920,2-s2.0-85019362141,0,2017
921,2-s2.0-85011844252,1,2017
922,2-s2.0-85029802487,10,2017
923,2-s2.0-85056782073,0,0
924,2-s2.0-85039172717,0,0
925,2-s2.0-85039172188,0,0
926,2-s2.0-85039151846,0,0
927,2-s2.0-85039151515,0,0
928,2-s2.0-85041211522,11,2017
929,2-s2.0-85014287201,10,2017
930,2-s2.0-85029395456,8,2017
931,2-s2.0-85018738082,8,2017
932,2-s2.0-85016766249,3,2017
933,2-s2.0-84988027283,2,2017
934,2-s2.0-85040087746,12,2017
935,2-s2.0-85038396389,0,2017
936,2-s2.0-85030128667,0,2017
937,2-s2.0-85030116765,0,2017
938,2-s2.0-85021182487,0,2017
939,2-s2.0-85019868358,5,2017
940,2-s2.0-85016559347,0,2017
941,2-s2.0-85016221051,0,2017
942,2-s2.0-85015335911,1,2017
